[Camera]
;StereoType = 0
; Position = 2.086348564342117,-1.041287765483917,1.0136367307509395
; FocalPoint = 0.31109899282455483,0.4830322507768869,-0.356973682297394
; ViewUp = -0.3924970123971568,0.31867244392361505,0.8627826891767455
; 
; ParallelScale = 0.7018548073267772
; 
; Roll = 0.
; Azimuth = 0.
; Elevation = 0.
; Dolly = 1.

Position = -0.140326547371069,-1.08491442784397,6.1913729813182
FocalPoint = 0.,0.,0.5
ViewUp = 0.0816718544407153,0.978657836283163,0.188569742201055

ParallelScale = 1.5

Roll = 0.
Azimuth = 0.
Elevation = 0.
Dolly = 1.




[Mapper]
InterpolateScalarsBeforeMapping = 1

[Renderer]
Background = 1.0,1.0,1.0


[Actor]
Specular = 0.0
SpecularPower = 100.
DiffuseColor = 1.,1.,1.
; DiffuseColor = 1.,0.94509803921,0.65490196078
LineWidth = 1.0
LineWidthInterface = 5.
useEdgeColor = 0
EdgeColor = 1.,1.,1.

[Light]
useLight = 0
KeyWarmth = 0.6
KeyIntensity = 0.75
KeyElevation = 50
KeyAzimuth = 10

FillWarmth = 0.4
FillKeyRatio = 3.
FillElevation = -75
FillAzimuth = -10.

BackWarmth = 0.6
BackKeyRatio = 3.5
BackElevation = 0
BackAzimuth = 110

HeadWarmth = 0.5
HeadKeyRatio = 3


[Window]
; full screen on virtual server is FullHD: 1920x1080
FullScreenRendering = 1
;if = 0
; imageWidth = 1130
; imageHeight = 922

resizeWidth = 1000
resizeHeight = 1000

[Writer]
;from 0-9 where 0 is no compression
compressionLevel = 1

[BoundaryBox]
useBoundaryBox = 0
; fileName = ../../../../data/VTK/shapeOptShell/boxPlateLeft.vtk


[ScalarBar]
useScalarData = 1
useScalarBar = 0

# 1 - Diverging, 2 - RGB, 3 - HSV, 4 - Lab
ColorSpaceType = 4
# 1 - Linear, 2 - Log
ScaleType = 1

scaleRGBPointsToRange = 1
numRGBPoints = 3
RGBValue1 = 0.0
RGBPoint1 = 0.231373,0.298039,0.752941
RGBValue2 = 0.5
RGBPoint2 = 1,0.6666666,0.0
RGBValue3 = 1.
RGBPoint3 = 0.705882,0.0156863,0.14902