[Camera]
;StereoType = 0
; Position = 2.086348564342117,-1.041287765483917,1.0136367307509395
; FocalPoint = 0.31109899282455483,0.4830322507768869,-0.356973682297394
; ViewUp = -0.3924970123971568,0.31867244392361505,0.8627826891767455
; ParallelScale = 0.7018548073267772
Position = 1.367276796310697,-1.0406593686894878,-1.3038825837804389
FocalPoint = 0.13759599626064303,0.49999814270995585,2.3307428764024848e-17
ViewUp = 0.8539144925359392,0.3886431224730362,0.34610195433065394
ParallelScale = 0.6117033713527192

Roll = 0.
Azimuth = 0.
Elevation = 0.
Dolly = 1.

[Mapper]
InterpolateScalarsBeforeMapping = 1

[Renderer]
Background = 1.0,1.0,1.0


[Actor]
Specular = 1.0
SpecularPower = 100.
DiffuseColor = 1.,1.,1.
; DiffuseColor = 1.,0.94509803921,0.65490196078
LineWidth = 1.0
LineWidthInterface = 5.
useEdgeColor = 0
EdgeColor = 1.,1.,1.

[Light]
useLight = 1
KeyWarmth = 0.6
KeyIntensity = 0.75
KeyElevation = 50
; KeyElevation = 0
KeyAzimuth = 10
; KeyAzimuth = -20

FillWarmth = 0.4
FillKeyRatio = 3.
FillElevation = -75
; FillElevation = 0
FillAzimuth = -10.
; FillAzimuth = 180

BackWarmth = 0.6
BackKeyRatio = 3.5
BackElevation = 0
; BackElevation = 20
BackAzimuth = 110
; BackAzimuth = 180

HeadWarmth = 0.5
HeadKeyRatio = 3


[Window]
; full screen on virtual server is FullHD: 1920x1080
FullScreenRendering = 1
;if = 0
; imageWidth = 1130
; imageHeight = 922

; bool trimAndResizeImage
resizeWidth = 1000
resizeHeight = 1000

[Writer]
;from 0-9 where 0 is no compression
compressionLevel = 1

[BoundaryBox]
useBoundaryBox = 0
; fileName = ../../../../data/VTK/shapeOptShell/boxPlateLeft.vtk


[ScalarBar]
useScalarData = 1

NumberOfLabels = 0
#useScalarBar means plot scalar bar
useScalarBar = 0
plotScalarBarSeparately = 0

# 1 - Diverging, 2 - RGB, 3 - HSV, 4 - Lab
ColorSpaceType = 4
# 1 - Linear, 2 - Log
ScaleType = 1

scaleRGBPointsToRange = 1
numRGBPoints = 3
RGBValue1 = 0.0
RGBPoint1 = 0.231373,0.298039,0.752941
RGBValue2 = 0.5
RGBPoint2 = 1,0.6666666,0.0
RGBValue3 = 1.
RGBPoint3 = 0.705882,0.0156863,0.14902
